0.3096760228737113 0.1022571681701031 0
0.23252758537371135 0.12463756443298969 0
0.1915673324742268 0.1705762725515464 0
0.16890000805412372 0.24871134020618557 0
0.18930714400773196 0.3460856958762887 0
0.3078839803479381 0.44424532860824745 0
0.47828910277061853 0.45358307828608246 0
0.3874285196520619 0.26239328286082475 0
0.40730206990979384 0.05224609375 0
0.5027736388530928 0.08647611952319588 1
0.6083883698453608 0.10217662693298969 1
0.6672841494845361 0.15243435889175258 1
0.7124375805412371 0.22232401739690721 1
0.7446339400773195 0.29653269974226804 1
0.7406219797036082 0.37074138208762886 1
0.6758013853092784 0.42571077641752575 1
0.5768212387242269 0.2727931701030928 1
0.5230901659149485 0.5711883859536082 1
